donnees d'entree: 
       0   0.2903   0.5556    0.773   0.9239   0.9952   0.9808   0.8819   0.7071   0.4714   0.1951   -0.098  -0.3827  -0.6344  -0.8315  -0.9569       -1  -0.9569  -0.8315  -0.6344  -0.3827   -0.098   0.1951   0.4714   0.7071   0.8819   0.9808   0.9952   0.9239    0.773   0.5556   0.2903        0  -0.2903  -0.5556   -0.773  -0.9239  -0.9952  -0.9808  -0.8819  -0.7071  -0.4714  -0.1951    0.098   0.3827   0.6344   0.8315   0.9569        1   0.9569   0.8315   0.6344   0.3827    0.098  -0.1951  -0.4714  -0.7071  -0.8819  -0.9808  -0.9952  -0.9239   -0.773  -0.5556  -0.2903 
partie reelle: 
       0 5.17165e-16        0 2.66454e-15        0 1.15143e-16        0 -4.22387e-16        0 3.70323e-16        0 1.20131e-16        0 -1.07063e-15        0 1.04102e-16        0 6.21172e-17        0 -4.28768e-16        0 2.61279e-16        0 -2.77845e-16        0 1.81926e-16        0 -2.27176e-16        0 1.33227e-15        0 -5.22814e-16        0 3.28758e-16        0 8.88178e-16        0 -2.20472e-16        0 -1.7819e-16        0 -2.96665e-17        0 -1.47977e-17        0 -1.59391e-15        0 -1.86125e-16        0 3.89587e-16        0 -1.34759e-15        0 -1.55949e-16        0 6.14556e-17        0 -4.38526e-17        0 1.21842e-16        0 -4.44089e-16        0 -3.54553e-16 
partie imaginaire: 
       0 -9.39609e-05        0 -32.0001        0 -0.000250066        0 -9.81959e-05        0 -0.000220437        0 0.000335732        0 -0.000326088        0 -0.000190976        0 -0.000154999        0 -2.46939e-05        0 0.000105354        0 2.70846e-05        0 0.000106463        0 2.7084e-07        0 0.000481        0 -0.000254287        0 0.000254287        0 -0.000481        0 -2.7084e-07        0 -0.000106463        0 -2.70846e-05        0 -0.000105354        0 2.46939e-05        0 0.000154999        0 0.000190976        0 0.000326088        0 -0.000335732        0 0.000220437        0 9.81959e-05        0 0.000250066        0  32.0001        0 9.39609e-05 
module: 
       0 9.39609e-05        0  32.0001        0 0.000250066        0 9.81959e-05        0 0.000220437        0 0.000335732        0 0.000326088        0 0.000190976        0 0.000154999        0 2.46939e-05        0 0.000105354        0 2.70846e-05        0 0.000106463        0 2.7084e-07        0 0.000481        0 0.000254287        0 0.000254287        0 0.000481        0 2.7084e-07        0 0.000106463        0 2.70846e-05        0 0.000105354        0 2.46939e-05        0 0.000154999        0 0.000190976        0 0.000326088        0 0.000335732        0 0.000220437        0 9.81959e-05        0 0.000250066        0  32.0001        0 9.39609e-05 

 fft inv partie reelle : 
       0   0.2903   0.5556    0.773   0.9239   0.9952   0.9808   0.8819   0.7071   0.4714   0.1951   -0.098  -0.3827  -0.6344  -0.8315  -0.9569       -1  -0.9569  -0.8315  -0.6344  -0.3827   -0.098   0.1951   0.4714   0.7071   0.8819   0.9808   0.9952   0.9239    0.773   0.5556   0.2903        0  -0.2903  -0.5556   -0.773  -0.9239  -0.9952  -0.9808  -0.8819  -0.7071  -0.4714  -0.1951    0.098   0.3827   0.6344   0.8315   0.9569        1   0.9569   0.8315   0.6344   0.3827    0.098  -0.1951  -0.4714  -0.7071  -0.8819  -0.9808  -0.9952  -0.9239   -0.773  -0.5556  -0.2903 
fft inv partie imaginaire: 
      -0 1.97758e-16 1.38778e-16 5.55112e-17 -5.55112e-17       -0 -1.66533e-16 -5.55112e-17 5.55112e-17 -1.11022e-16 -2.91434e-16 -7.63278e-17       -0 -1.11022e-16 2.77556e-17 2.91434e-16 6.12323e-17 1.38778e-17 2.22045e-16 3.60822e-16 2.77556e-17 9.71445e-17 1.80411e-16 -5.55112e-17 -5.55112e-17 1.66533e-16 1.66533e-16 -4.44089e-16       -0 1.11022e-16 -4.02456e-16 -1.56125e-16        0 -1.97758e-16 -1.38778e-16 -5.55112e-17 5.55112e-17       -0 1.66533e-16 5.55112e-17 -5.55112e-17 1.11022e-16 2.91434e-16 7.63278e-17       -0 1.11022e-16 -2.77556e-17 -2.91434e-16 -6.12323e-17 -1.38778e-17 -2.22045e-16 -3.60822e-16 -2.77556e-17 -9.71445e-17 -1.80411e-16 5.55112e-17 5.55112e-17 -1.66533e-16 -1.66533e-16 4.44089e-16       -0 -1.11022e-16 4.02456e-16 1.56125e-16 
